29
0 15831 4432 5614 9029 12582 1546 14297 565 2574 8578 6675 15782 3762 8651 7319 10494 15242 9723 14137 11565 13483 9909 7087 4974 2177 12095 5013 3595
15831 0 12555 10521 8374 4221 15691 3390 15740 13677 8675 11026 921 12355 8222 10010 5917 2341 7390 2874 5110 3386 6196 8924 12137 14786 4374 11056 13138
4432 12555 0 2338 5753 9306 4292 11021 4341 2278 5302 3399 12506 956 5375 4043 7218 11966 6447 10861 8289 10207 6633 3811 1698 3387 8819 1737 1739
5614 10521 2338 0 3719 7272 5474 8987 5523 3460 3268 1365 10472 2138 3341 2009 5184 9932 4413 8827 6255 8173 4599 1777 1920 4569 6785 839 2921
9029 8374 5753 3719 0 5125 8889 6840 8938 6875 1873 4224 8325 5553 1420 3208 3037 7785 2266 6680 4108 6026 2452 2122 5335 7984 4638 4254 6336
12582 4221 9306 7272 5125 0 12442 2687 12491 10428 5426 7777 4172 9106 4973 6761 2668 3632 4141 2527 1861 1873 2947 5675 8888 11537 1125 7807 9889
1546 15691 4292 5474 8889 12442 0 14157 1455 2434 8438 6535 15642 3622 8511 7179 10354 15102 9583 13997 11425 13343 9769 6947 4834 2037 11955 4873 3455
14297 3390 11021 8987 6840 2687 14157 0 14206 12143 7141 9492 3341 10821 6688 8476 4383 2801 5856 1696 3576 1852 4662 7390 10603 13252 2840 9522 11604
565 15740 4341 5523 8938 12491 1455 14206 0 2483 8487 6584 15691 3671 8560 7228 10403 15151 9632 14046 11474 13392 9818 6996 4883 2086 12004 4922 3504
2574 13677 2278 3460 6875 10428 2434 12143 2483 0 6424 4521 13628 1608 6497 5165 8340 13088 7569 11983 9411 11329 7755 4933 2820 1529 9941 2859 1441
8578 8675 5302 3268 1873 5426 8438 7141 8487 6424 0 3773 8626 5102 1495 2757 3338 8086 2567 6981 4409 6327 2753 1671 4884 7533 4939 3803 5885
6675 11026 3399 1365 4224 7777 6535 9492 6584 4521 3773 0 10977 3199 3846 2514 5689 10437 4918 9332 6760 8678 5104 2282 2981 5630 7290 1900 3982
15782 921 12506 10472 8325 4172 15642 3341 15691 13628 8626 10977 0 12306 8173 9961 5868 2292 7341 2825 5061 3337 6147 8875 12088 14737 4325 11007 13089
3762 12355 956 2138 5553 9106 3622 10821 3671 1608 5102 3199 12306 0 5175 3843 7018 11766 6247 10661 8089 10007 6433 3611 1498 2717 8619 1537 1069
8651 8222 5375 3341 1420 4973 8511 6688 8560 6497 1495 3846 8173 5175 0 2830 2885 7633 2114 6528 3956 5874 2300 1744 4957 7606 4486 3876 5958
7319 10010 4043 2009 3208 6761 7179 8476 7228 5165 2757 2514 9961 3843 2830 0 4673 9421 3902 8316 5744 7662 4088 1266 3625 6274 6274 2544 4626
10494 5917 7218 5184 3037 2668 10354 4383 10403 8340 3338 5689 5868 7018 2885 4673 0 5328 2053 4223 1651 3569 859 3587 6800 9449 2181 5719 7801
15242 2341 11966 9932 7785 3632 15102 2801 15151 13088 8086 10437 2292 11766 7633 9421 5328 0 6801 2285 4521 2797 5607 8335 11548 14197 3785 10467 12549
9723 7390 6447 4413 2266 4141 9583 5856 9632 7569 2567 4918 7341 6247 2114 3902 2053 6801 0 5696 3124 5042 1468 2816 6029 8678 3654 4948 7030
14137 2874 10861 8827 6680 2527 13997 1696 14046 11983 6981 9332 2825 10661 6528 8316 4223 2285 5696 0 3416 1692 4502 7230 10443 13092 2680 9362 11444
11565 5110 8289 6255 4108 1861 11425 3576 11474 9411 4409 6760 5061 8089 3956 5744 1651 4521 3124 3416 0 2762 1930 4658 7871 10520 1374 6790 8872
13483 3386 10207 8173 6026 1873 13343 1852 13392 11329 6327 8678 3337 10007 5874 7662 3569 2797 5042 1692 2762 0 3848 6576 9789 12438 2026 8708 10790
9909 6196 6633 4599 2452 2947 9769 4662 9818 7755 2753 5104 6147 6433 2300 4088 859 5607 1468 4502 1930 3848 0 3002 6215 8864 2460 5134 7216
7087 8924 3811 1777 2122 5675 6947 7390 6996 4933 1671 2282 8875 3611 1744 1266 3587 8335 2816 7230 4658 6576 3002 0 3393 6042 5188 2312 4394
4974 12137 1698 1920 5335 8888 4834 10603 4883 2820 4884 2981 12088 1498 4957 3625 6800 11548 6029 10443 7871 9789 6215 3393 0 3929 8401 1319 2281
2177 14786 3387 4569 7984 11537 2037 13252 2086 1529 7533 5630 14737 2717 7606 6274 9449 14197 8678 13092 10520 12438 8864 6042 3929 0 11050 3968 2550
12095 4374 8819 6785 4638 1125 11955 2840 12004 9941 4939 7290 4325 8619 4486 6274 2181 3785 3654 2680 1374 2026 2460 5188 8401 11050 0 7320 9402
5013 11056 1737 839 4254 7807 4873 9522 4922 2859 3803 1900 11007 1537 3876 2544 5719 10467 4948 9362 6790 8708 5134 2312 1319 3968 7320 0 2320
3595 13138 1739 2921 6336 9889 3455 11604 3504 1441 5885 3982 13089 1069 5958 4626 7801 12549 7030 11444 8872 10790 7216 4394 2281 2550 9402 2320 0
