27
4
0 2198 8135 2316 3924 9455 7604 2332 9449 10933 3366 4009 12963 11335 2855 2700 1265 13153 12613 11047 1727 6905 6933 5718 4887 13013 3169
2198 0 9893 4074 5682 11213 9362 1446 11207 12691 5124 5767 14721 13093 4613 4458 1497 14911 14371 12805 3485 8663 8691 7476 6645 14771 4927
8135 9893 0 7283 4737 1820 1603 10027 1814 3298 4895 4684 5328 3700 6296 6735 8960 5518 4978 3412 7660 1624 2916 2893 3930 5378 5998
2316 4074 7283 0 3072 8603 6752 4208 8597 10081 2514 3157 12111 10483 2003 1848 3141 12301 11761 10195 1841 6053 6081 4866 4035 12161 2317
3924 5682 4737 3072 0 6057 4206 5816 6051 7535 684 611 9565 7937 2085 2524 4749 9755 9215 7649 3449 3507 3535 2320 1489 9615 1787
9455 11213 1820 8603 6057 0 2923 11347 1166 1910 6215 6004 3940 2312 7616 8055 10280 4130 3590 2024 8980 2944 4236 4213 5250 3990 7318
7604 9362 1603 6752 4206 2923 0 9496 2917 4401 4364 4153 6431 4803 5765 6204 8429 6621 6081 4515 7129 1093 2385 2362 3399 6481 5467
2332 1446 10027 4208 5816 11347 9496 0 11341 12825 5258 5901 14855 13227 4747 4592 1631 15045 14505 12939 3619 8797 8825 7610 6779 14905 5061
9449 11207 1814 8597 6051 1166 2917 11341 0 2644 6209 5998 4674 3046 7610 8049 10274 4864 4324 2758 8974 2938 4230 4207 5244 4724 7312
10933 12691 3298 10081 7535 1910 4401 12825 2644 0 7693 7482 3486 1858 9094 9533 11758 3676 3136 1570 10458 4422 5714 5691 6728 3536 8796
3366 5124 4895 2514 684 6215 4364 5258 6209 7693 0 769 9723 8095 1527 1966 4191 9913 9373 7807 2891 3665 3693 2478 1647 9773 1229
4009 5767 4684 3157 611 6004 4153 5901 5998 7482 769 0 9512 7884 2170 2609 4834 9702 9162 7596 3534 3454 3482 2267 1436 9562 1872
12963 14721 5328 12111 9565 3940 6431 14855 4674 3486 9723 9512 0 2174 11124 11563 13788 1384 1794 3024 12488 6452 7744 7721 8758 1244 10826
11335 13093 3700 10483 7937 2312 4803 13227 3046 1858 8095 7884 2174 0 9496 9935 12160 2364 1824 1396 10860 4824 6116 6093 7130 2224 9198
2855 4613 6296 2003 2085 7616 5765 4747 7610 9094 1527 2170 11124 9496 0 1455 3680 11314 10774 9208 2380 5066 5094 3879 3048 11174 1330
2700 4458 6735 1848 2524 8055 6204 4592 8049 9533 1966 2609 11563 9935 1455 0 3525 11753 11213 9647 2225 5505 5533 4318 3487 11613 1769
1265 1497 8960 3141 4749 10280 8429 1631 10274 11758 4191 4834 13788 12160 3680 3525 0 13978 13438 11872 2552 7730 7758 6543 5712 13838 3994
13153 14911 5518 12301 9755 4130 6621 15045 4864 3676 9913 9702 1384 2364 11314 11753 13978 0 1984 3214 12678 6642 7934 7911 8948 920 11016
12613 14371 4978 11761 9215 3590 6081 14505 4324 3136 9373 9162 1794 1824 10774 11213 13438 1984 0 2674 12138 6102 7394 7371 8408 1844 10476
11047 12805 3412 10195 7649 2024 4515 12939 2758 1570 7807 7596 3024 1396 9208 9647 11872 3214 2674 0 10572 4536 5828 5805 6842 3074 8910
1727 3485 7660 1841 3449 8980 7129 3619 8974 10458 2891 3534 12488 10860 2380 2225 2552 12678 12138 10572 0 6430 6458 5243 4412 12538 2694
6905 8663 1624 6053 3507 2944 1093 8797 2938 4422 3665 3454 6452 4824 5066 5505 7730 6642 6102 4536 6430 0 1686 1663 2700 6502 4768
6933 8691 2916 6081 3535 4236 2385 8825 4230 5714 3693 3482 7744 6116 5094 5533 7758 7934 7394 5828 6458 1686 0 1691 2728 7794 4796
5718 7476 2893 4866 2320 4213 2362 7610 4207 5691 2478 2267 7721 6093 3879 4318 6543 7911 7371 5805 5243 1663 1691 0 1513 7771 3581
4887 6645 3930 4035 1489 5250 3399 6779 5244 6728 1647 1436 8758 7130 3048 3487 5712 8948 8408 6842 4412 2700 2728 1513 0 8808 2750
13013 14771 5378 12161 9615 3990 6481 14905 4724 3536 9773 9562 1244 2224 11174 11613 13838 920 1844 3074 12538 6502 7794 7771 8808 0 10876
3169 4927 5998 2317 1787 7318 5467 5061 7312 8796 1229 1872 10826 9198 1330 1769 3994 11016 10476 8910 2694 4768 4796 3581 2750 10876 0
